n: 1 j: 0
0 1 2 3 4 

n: 1 j: 1
1 2 3 4 5 

n: 1 j: 2
2 3 4 5 6 

n: 1 j: 3
3 4 5 6 7 

n: 1 j: 4
4 5 6 7 8 

n: 1 j: 5
5 6 7 8 9 

n: 1 j: 6
6 7 8 9 10 

n: 1 j: 7
7 8 9 10 11 

n: 1 j: 8
8 9 10 11 12 

n: 1 j: 9
9 10 11 12 13 

n: 1 j: 10
10 11 12 13 14 

n: 1 j: 11
11 12 13 14 15 

n: 1 j: 12
12 13 14 15 16 

n: 1 j: 13
13 14 15 16 17 

n: 1 j: 14
14 15 16 17 18 

n: 1 j: 15
15 16 17 18 19 

n: 1 j: 16
16 17 18 19 20 

n: 1 j: 17
17 18 19 20 21 

n: 1 j: 18
18 19 20 21 22 

n: 1 j: 19
19 20 21 22 23 

n: 1 j: 20
20 21 22 23 24 

n: 1 j: 21
21 22 23 24 25 

n: 1 j: 22
22 23 24 25 26 

n: 1 j: 23
23 24 25 26 27 

n: 1 j: 24
24 25 26 27 28 

n: 1 j: 25
25 26 27 28 29 

n: 1 j: 26
26 27 28 29 30 

n: 1 j: 27
27 28 29 30 31 

n: 1 j: 28
28 29 30 31 32 

n: 1 j: 29
29 30 31 32 33 

n: 1 j: 30
30 31 32 33 34 

n: 1 j: 31
31 32 33 34 35 

n: 1 j: 32
32 33 34 35 36 

n: 1 j: 33
33 34 35 36 37 

n: 1 j: 34
34 35 36 37 38 

n: 1 j: 35
35 36 37 38 39 

n: 1 j: 36
36 37 38 39 40 

n: 1 j: 37
37 38 39 40 41 

n: 1 j: 38
38 39 40 41 42 

n: 1 j: 39
39 40 41 42 43 

n: 1 j: 40
40 41 42 43 44 

n: 1 j: 41
41 42 43 44 45 

n: 1 j: 42
42 43 44 45 46 

n: 1 j: 43
43 44 45 46 47 

n: 1 j: 44
44 45 46 47 48 

n: 1 j: 45
45 46 47 48 49 

n: 1 j: 46
46 47 48 49 50 

n: 1 j: 47
47 48 49 50 51 

n: 1 j: 48
48 49 50 51 52 

n: 1 j: 49
49 50 51 52 53 

n: 1 j: 50
50 51 52 53 54 

n: 1 j: 51
51 52 53 54 55 

n: 1 j: 52
52 53 54 55 56 

n: 1 j: 53
53 54 55 56 57 

n: 1 j: 54
54 55 56 57 58 

n: 1 j: 55
55 56 57 58 59 

n: 1 j: 56
56 57 58 59 60 

n: 1 j: 57
57 58 59 60 61 

n: 1 j: 58
58 59 60 61 62 

n: 1 j: 59
59 60 61 62 63 

n: 1 j: 60
60 61 62 63 64 

n: 1 j: 61
61 62 63 64 65 

n: 1 j: 62
62 63 64 65 66 

n: 1 j: 63
63 64 65 66 67 

n: 1 j: 64
64 65 66 67 68 

n: 1 j: 65
65 66 67 68 69 

n: 1 j: 66
66 67 68 69 70 

n: 1 j: 67
67 68 69 70 71 

n: 1 j: 68
68 69 70 71 72 

n: 1 j: 69
69 70 71 72 73 

n: 1 j: 70
70 71 72 73 74 

n: 1 j: 71
71 72 73 74 75 

n: 1 j: 72
72 73 74 75 76 

n: 1 j: 73
73 74 75 76 77 

n: 1 j: 74
74 75 76 77 78 

n: 1 j: 75
75 76 77 78 79 

n: 1 j: 76
76 77 78 79 80 

n: 1 j: 77
77 78 79 80 81 

n: 1 j: 78
78 79 80 81 82 

n: 1 j: 79
79 80 81 82 83 

n: 1 j: 80
80 81 82 83 84 

n: 1 j: 81
81 82 83 84 85 

n: 1 j: 82
82 83 84 85 86 

n: 1 j: 83
83 84 85 86 87 

n: 1 j: 84
84 85 86 87 88 

n: 1 j: 85
85 86 87 88 89 

n: 1 j: 86
86 87 88 89 90 

n: 1 j: 87
87 88 89 90 91 

n: 1 j: 88
88 89 90 91 92 

n: 1 j: 89
89 90 91 92 93 

n: 1 j: 90
90 91 92 93 94 

n: 1 j: 91
91 92 93 94 95 

n: 1 j: 92
92 93 94 95 96 

n: 1 j: 93
93 94 95 96 97 

n: 1 j: 94
94 95 96 97 98 

n: 2 j: 0
0 2 4 6 8 

n: 2 j: 1
1 3 5 7 9 

n: 2 j: 2
2 4 6 8 10 

n: 2 j: 3
3 5 7 9 11 

n: 2 j: 4
4 6 8 10 12 

n: 2 j: 5
5 7 9 11 13 

n: 2 j: 6
6 8 10 12 14 

n: 2 j: 7
7 9 11 13 15 

n: 2 j: 8
8 10 12 14 16 

n: 2 j: 9
9 11 13 15 17 

n: 2 j: 10
10 12 14 16 18 

n: 2 j: 11
11 13 15 17 19 

n: 2 j: 12
12 14 16 18 20 

n: 2 j: 13
13 15 17 19 21 

n: 2 j: 14
14 16 18 20 22 

n: 2 j: 15
15 17 19 21 23 

n: 2 j: 16
16 18 20 22 24 

n: 2 j: 17
17 19 21 23 25 

n: 2 j: 18
18 20 22 24 26 

n: 2 j: 19
19 21 23 25 27 

n: 2 j: 20
20 22 24 26 28 

n: 2 j: 21
21 23 25 27 29 

n: 2 j: 22
22 24 26 28 30 

n: 2 j: 23
23 25 27 29 31 

n: 2 j: 24
24 26 28 30 32 

n: 2 j: 25
25 27 29 31 33 

n: 2 j: 26
26 28 30 32 34 

n: 2 j: 27
27 29 31 33 35 

n: 2 j: 28
28 30 32 34 36 

n: 2 j: 29
29 31 33 35 37 

n: 2 j: 30
30 32 34 36 38 

n: 2 j: 31
31 33 35 37 39 

n: 2 j: 32
32 34 36 38 40 

n: 2 j: 33
33 35 37 39 41 

n: 2 j: 34
34 36 38 40 42 

n: 2 j: 35
35 37 39 41 43 

n: 2 j: 36
36 38 40 42 44 

n: 2 j: 37
37 39 41 43 45 

n: 2 j: 38
38 40 42 44 46 

n: 2 j: 39
39 41 43 45 47 

n: 2 j: 40
40 42 44 46 48 

n: 2 j: 41
41 43 45 47 49 

n: 2 j: 42
42 44 46 48 50 

n: 2 j: 43
43 45 47 49 51 

n: 2 j: 44
44 46 48 50 52 

n: 2 j: 45
45 47 49 51 53 

n: 2 j: 46
46 48 50 52 54 

n: 2 j: 47
47 49 51 53 55 

n: 2 j: 48
48 50 52 54 56 

n: 2 j: 49
49 51 53 55 57 

n: 2 j: 50
50 52 54 56 58 

n: 2 j: 51
51 53 55 57 59 

n: 2 j: 52
52 54 56 58 60 

n: 2 j: 53
53 55 57 59 61 

n: 2 j: 54
54 56 58 60 62 

n: 2 j: 55
55 57 59 61 63 

n: 2 j: 56
56 58 60 62 64 

n: 2 j: 57
57 59 61 63 65 

n: 2 j: 58
58 60 62 64 66 

n: 2 j: 59
59 61 63 65 67 

n: 2 j: 60
60 62 64 66 68 

n: 2 j: 61
61 63 65 67 69 

n: 2 j: 62
62 64 66 68 70 

n: 2 j: 63
63 65 67 69 71 

n: 2 j: 64
64 66 68 70 72 

n: 2 j: 65
65 67 69 71 73 

n: 2 j: 66
66 68 70 72 74 

n: 2 j: 67
67 69 71 73 75 

n: 2 j: 68
68 70 72 74 76 

n: 2 j: 69
69 71 73 75 77 

n: 2 j: 70
70 72 74 76 78 

n: 2 j: 71
71 73 75 77 79 

n: 2 j: 72
72 74 76 78 80 

n: 2 j: 73
73 75 77 79 81 

n: 2 j: 74
74 76 78 80 82 

n: 2 j: 75
75 77 79 81 83 

n: 2 j: 76
76 78 80 82 84 

n: 2 j: 77
77 79 81 83 85 

n: 2 j: 78
78 80 82 84 86 

n: 2 j: 79
79 81 83 85 87 

n: 2 j: 80
80 82 84 86 88 

n: 2 j: 81
81 83 85 87 89 

n: 2 j: 82
82 84 86 88 90 

n: 2 j: 83
83 85 87 89 91 

n: 2 j: 84
84 86 88 90 92 

n: 2 j: 85
85 87 89 91 93 

n: 2 j: 86
86 88 90 92 94 

n: 2 j: 87
87 89 91 93 95 

n: 2 j: 88
88 90 92 94 96 

n: 2 j: 89
89 91 93 95 97 

n: 2 j: 90
90 92 94 96 98 

n: 3 j: 0
0 3 6 9 12 

n: 3 j: 1
1 4 7 10 13 

n: 3 j: 2
2 5 8 11 14 

n: 3 j: 3
3 6 9 12 15 

n: 3 j: 4
4 7 10 13 16 

n: 3 j: 5
5 8 11 14 17 

n: 3 j: 6
6 9 12 15 18 

n: 3 j: 7
7 10 13 16 19 

n: 3 j: 8
8 11 14 17 20 

n: 3 j: 9
9 12 15 18 21 

n: 3 j: 10
10 13 16 19 22 

n: 3 j: 11
11 14 17 20 23 

n: 3 j: 12
12 15 18 21 24 

n: 3 j: 13
13 16 19 22 25 

n: 3 j: 14
14 17 20 23 26 

n: 3 j: 15
15 18 21 24 27 

n: 3 j: 16
16 19 22 25 28 

n: 3 j: 17
17 20 23 26 29 

n: 3 j: 18
18 21 24 27 30 

n: 3 j: 19
19 22 25 28 31 

n: 3 j: 20
20 23 26 29 32 

n: 3 j: 21
21 24 27 30 33 

n: 3 j: 22
22 25 28 31 34 

n: 3 j: 23
23 26 29 32 35 

n: 3 j: 24
24 27 30 33 36 

n: 3 j: 25
25 28 31 34 37 

n: 3 j: 26
26 29 32 35 38 

n: 3 j: 27
27 30 33 36 39 

n: 3 j: 28
28 31 34 37 40 

n: 3 j: 29
29 32 35 38 41 

n: 3 j: 30
30 33 36 39 42 

n: 3 j: 31
31 34 37 40 43 

n: 3 j: 32
32 35 38 41 44 

n: 3 j: 33
33 36 39 42 45 

n: 3 j: 34
34 37 40 43 46 

n: 3 j: 35
35 38 41 44 47 

n: 3 j: 36
36 39 42 45 48 

n: 3 j: 37
37 40 43 46 49 

n: 3 j: 38
38 41 44 47 50 

n: 3 j: 39
39 42 45 48 51 

n: 3 j: 40
40 43 46 49 52 

n: 3 j: 41
41 44 47 50 53 

n: 3 j: 42
42 45 48 51 54 

n: 3 j: 43
43 46 49 52 55 

n: 3 j: 44
44 47 50 53 56 

n: 3 j: 45
45 48 51 54 57 

n: 3 j: 46
46 49 52 55 58 

n: 3 j: 47
47 50 53 56 59 

n: 3 j: 48
48 51 54 57 60 

n: 3 j: 49
49 52 55 58 61 

n: 3 j: 50
50 53 56 59 62 

n: 3 j: 51
51 54 57 60 63 

n: 3 j: 52
52 55 58 61 64 

n: 3 j: 53
53 56 59 62 65 

n: 3 j: 54
54 57 60 63 66 

n: 3 j: 55
55 58 61 64 67 

n: 3 j: 56
56 59 62 65 68 

n: 3 j: 57
57 60 63 66 69 

n: 3 j: 58
58 61 64 67 70 

n: 3 j: 59
59 62 65 68 71 

n: 3 j: 60
60 63 66 69 72 

n: 3 j: 61
61 64 67 70 73 

n: 3 j: 62
62 65 68 71 74 

n: 3 j: 63
63 66 69 72 75 

n: 3 j: 64
64 67 70 73 76 

n: 3 j: 65
65 68 71 74 77 

n: 3 j: 66
66 69 72 75 78 

n: 3 j: 67
67 70 73 76 79 

n: 3 j: 68
68 71 74 77 80 

n: 3 j: 69
69 72 75 78 81 

n: 3 j: 70
70 73 76 79 82 

n: 3 j: 71
71 74 77 80 83 

n: 3 j: 72
72 75 78 81 84 

n: 3 j: 73
73 76 79 82 85 

n: 3 j: 74
74 77 80 83 86 

n: 3 j: 75
75 78 81 84 87 

n: 3 j: 76
76 79 82 85 88 

n: 3 j: 77
77 80 83 86 89 

n: 3 j: 78
78 81 84 87 90 

n: 3 j: 79
79 82 85 88 91 

n: 3 j: 80
80 83 86 89 92 

n: 3 j: 81
81 84 87 90 93 

n: 3 j: 82
82 85 88 91 94 

n: 3 j: 83
83 86 89 92 95 

n: 3 j: 84
84 87 90 93 96 

n: 3 j: 85
85 88 91 94 97 

n: 3 j: 86
86 89 92 95 98 

n: 4 j: 0
0 4 8 12 16 

n: 4 j: 1
1 5 9 13 17 

n: 4 j: 2
2 6 10 14 18 

n: 4 j: 3
3 7 11 15 19 

n: 4 j: 4
4 8 12 16 20 

n: 4 j: 5
5 9 13 17 21 

n: 4 j: 6
6 10 14 18 22 

n: 4 j: 7
7 11 15 19 23 

n: 4 j: 8
8 12 16 20 24 

n: 4 j: 9
9 13 17 21 25 

n: 4 j: 10
10 14 18 22 26 

n: 4 j: 11
11 15 19 23 27 

n: 4 j: 12
12 16 20 24 28 

n: 4 j: 13
13 17 21 25 29 

n: 4 j: 14
14 18 22 26 30 

n: 4 j: 15
15 19 23 27 31 

n: 4 j: 16
16 20 24 28 32 

n: 4 j: 17
17 21 25 29 33 

n: 4 j: 18
18 22 26 30 34 

n: 4 j: 19
19 23 27 31 35 

n: 4 j: 20
20 24 28 32 36 

n: 4 j: 21
21 25 29 33 37 

n: 4 j: 22
22 26 30 34 38 

n: 4 j: 23
23 27 31 35 39 

n: 4 j: 24
24 28 32 36 40 

n: 4 j: 25
25 29 33 37 41 

n: 4 j: 26
26 30 34 38 42 

n: 4 j: 27
27 31 35 39 43 

n: 4 j: 28
28 32 36 40 44 

n: 4 j: 29
29 33 37 41 45 

n: 4 j: 30
30 34 38 42 46 

n: 4 j: 31
31 35 39 43 47 

n: 4 j: 32
32 36 40 44 48 

n: 4 j: 33
33 37 41 45 49 

n: 4 j: 34
34 38 42 46 50 

n: 4 j: 35
35 39 43 47 51 

n: 4 j: 36
36 40 44 48 52 

n: 4 j: 37
37 41 45 49 53 

n: 4 j: 38
38 42 46 50 54 

n: 4 j: 39
39 43 47 51 55 

n: 4 j: 40
40 44 48 52 56 

n: 4 j: 41
41 45 49 53 57 

n: 4 j: 42
42 46 50 54 58 

n: 4 j: 43
43 47 51 55 59 

n: 4 j: 44
44 48 52 56 60 

n: 4 j: 45
45 49 53 57 61 

n: 4 j: 46
46 50 54 58 62 

n: 4 j: 47
47 51 55 59 63 

n: 4 j: 48
48 52 56 60 64 

n: 4 j: 49
49 53 57 61 65 

n: 4 j: 50
50 54 58 62 66 

n: 4 j: 51
51 55 59 63 67 

n: 4 j: 52
52 56 60 64 68 

n: 4 j: 53
53 57 61 65 69 

n: 4 j: 54
54 58 62 66 70 

n: 4 j: 55
55 59 63 67 71 

n: 4 j: 56
56 60 64 68 72 

n: 4 j: 57
57 61 65 69 73 

n: 4 j: 58
58 62 66 70 74 

n: 4 j: 59
59 63 67 71 75 

n: 4 j: 60
60 64 68 72 76 

n: 4 j: 61
61 65 69 73 77 

n: 4 j: 62
62 66 70 74 78 

n: 4 j: 63
63 67 71 75 79 

n: 4 j: 64
64 68 72 76 80 

n: 4 j: 65
65 69 73 77 81 

n: 4 j: 66
66 70 74 78 82 

n: 4 j: 67
67 71 75 79 83 

n: 4 j: 68
68 72 76 80 84 

n: 4 j: 69
69 73 77 81 85 

n: 4 j: 70
70 74 78 82 86 

n: 4 j: 71
71 75 79 83 87 

n: 4 j: 72
72 76 80 84 88 

n: 4 j: 73
73 77 81 85 89 

n: 4 j: 74
74 78 82 86 90 

n: 4 j: 75
75 79 83 87 91 

n: 4 j: 76
76 80 84 88 92 

n: 4 j: 77
77 81 85 89 93 

n: 4 j: 78
78 82 86 90 94 

n: 4 j: 79
79 83 87 91 95 

n: 4 j: 80
80 84 88 92 96 

n: 4 j: 81
81 85 89 93 97 

n: 4 j: 82
82 86 90 94 98 

n: 5 j: 0
0 5 10 15 20 

n: 5 j: 1
1 6 11 16 21 

n: 5 j: 2
2 7 12 17 22 

n: 5 j: 3
3 8 13 18 23 

n: 5 j: 4
4 9 14 19 24 

n: 5 j: 5
5 10 15 20 25 

n: 5 j: 6
6 11 16 21 26 

n: 5 j: 7
7 12 17 22 27 

n: 5 j: 8
8 13 18 23 28 

n: 5 j: 9
9 14 19 24 29 

n: 5 j: 10
10 15 20 25 30 

n: 5 j: 11
11 16 21 26 31 

n: 5 j: 12
12 17 22 27 32 

n: 5 j: 13
13 18 23 28 33 

n: 5 j: 14
14 19 24 29 34 

n: 5 j: 15
15 20 25 30 35 

n: 5 j: 16
16 21 26 31 36 

n: 5 j: 17
17 22 27 32 37 

n: 5 j: 18
18 23 28 33 38 

n: 5 j: 19
19 24 29 34 39 

n: 5 j: 20
20 25 30 35 40 

n: 5 j: 21
21 26 31 36 41 

n: 5 j: 22
22 27 32 37 42 

n: 5 j: 23
23 28 33 38 43 

n: 5 j: 24
24 29 34 39 44 

n: 5 j: 25
25 30 35 40 45 

n: 5 j: 26
26 31 36 41 46 

n: 5 j: 27
27 32 37 42 47 

n: 5 j: 28
28 33 38 43 48 

n: 5 j: 29
29 34 39 44 49 

n: 5 j: 30
30 35 40 45 50 

n: 5 j: 31
31 36 41 46 51 

n: 5 j: 32
32 37 42 47 52 

n: 5 j: 33
33 38 43 48 53 

n: 5 j: 34
34 39 44 49 54 

n: 5 j: 35
35 40 45 50 55 

n: 5 j: 36
36 41 46 51 56 

n: 5 j: 37
37 42 47 52 57 

n: 5 j: 38
38 43 48 53 58 

n: 5 j: 39
39 44 49 54 59 

n: 5 j: 40
40 45 50 55 60 

n: 5 j: 41
41 46 51 56 61 

n: 5 j: 42
42 47 52 57 62 

n: 5 j: 43
43 48 53 58 63 

n: 5 j: 44
44 49 54 59 64 

n: 5 j: 45
45 50 55 60 65 

n: 5 j: 46
46 51 56 61 66 

n: 5 j: 47
47 52 57 62 67 

n: 5 j: 48
48 53 58 63 68 

n: 5 j: 49
49 54 59 64 69 

n: 5 j: 50
50 55 60 65 70 

n: 5 j: 51
51 56 61 66 71 

n: 5 j: 52
52 57 62 67 72 

n: 5 j: 53
53 58 63 68 73 

n: 5 j: 54
54 59 64 69 74 

n: 5 j: 55
55 60 65 70 75 

n: 5 j: 56
56 61 66 71 76 

n: 5 j: 57
57 62 67 72 77 

n: 5 j: 58
58 63 68 73 78 

n: 5 j: 59
59 64 69 74 79 

n: 5 j: 60
60 65 70 75 80 

n: 5 j: 61
61 66 71 76 81 

n: 5 j: 62
62 67 72 77 82 

n: 5 j: 63
63 68 73 78 83 

n: 5 j: 64
64 69 74 79 84 

n: 5 j: 65
65 70 75 80 85 

n: 5 j: 66
66 71 76 81 86 

n: 5 j: 67
67 72 77 82 87 

n: 5 j: 68
68 73 78 83 88 

n: 5 j: 69
69 74 79 84 89 

n: 5 j: 70
70 75 80 85 90 

n: 5 j: 71
71 76 81 86 91 

n: 5 j: 72
72 77 82 87 92 

n: 5 j: 73
73 78 83 88 93 

n: 5 j: 74
74 79 84 89 94 

n: 5 j: 75
75 80 85 90 95 

n: 5 j: 76
76 81 86 91 96 

n: 5 j: 77
77 82 87 92 97 

n: 5 j: 78
78 83 88 93 98 

n: 6 j: 0
0 6 12 18 24 

n: 6 j: 1
1 7 13 19 25 

n: 6 j: 2
2 8 14 20 26 

n: 6 j: 3
3 9 15 21 27 

n: 6 j: 4
4 10 16 22 28 

n: 6 j: 5
5 11 17 23 29 

n: 6 j: 6
6 12 18 24 30 

n: 6 j: 7
7 13 19 25 31 

n: 6 j: 8
8 14 20 26 32 

n: 6 j: 9
9 15 21 27 33 

n: 6 j: 10
10 16 22 28 34 

n: 6 j: 11
11 17 23 29 35 

n: 6 j: 12
12 18 24 30 36 

n: 6 j: 13
13 19 25 31 37 

n: 6 j: 14
14 20 26 32 38 

n: 6 j: 15
15 21 27 33 39 

n: 6 j: 16
16 22 28 34 40 

n: 6 j: 17
17 23 29 35 41 

n: 6 j: 18
18 24 30 36 42 

n: 6 j: 19
19 25 31 37 43 

n: 6 j: 20
20 26 32 38 44 

n: 6 j: 21
21 27 33 39 45 

n: 6 j: 22
22 28 34 40 46 

n: 6 j: 23
23 29 35 41 47 

n: 6 j: 24
24 30 36 42 48 

n: 6 j: 25
25 31 37 43 49 

n: 6 j: 26
26 32 38 44 50 

n: 6 j: 27
27 33 39 45 51 

n: 6 j: 28
28 34 40 46 52 

n: 6 j: 29
29 35 41 47 53 

n: 6 j: 30
30 36 42 48 54 

n: 6 j: 31
31 37 43 49 55 

n: 6 j: 32
32 38 44 50 56 

n: 6 j: 33
33 39 45 51 57 

n: 6 j: 34
34 40 46 52 58 

n: 6 j: 35
35 41 47 53 59 

n: 6 j: 36
36 42 48 54 60 

n: 6 j: 37
37 43 49 55 61 

n: 6 j: 38
38 44 50 56 62 

n: 6 j: 39
39 45 51 57 63 

n: 6 j: 40
40 46 52 58 64 

n: 6 j: 41
41 47 53 59 65 

n: 6 j: 42
42 48 54 60 66 

n: 6 j: 43
43 49 55 61 67 

n: 6 j: 44
44 50 56 62 68 

n: 6 j: 45
45 51 57 63 69 

n: 6 j: 46
46 52 58 64 70 

n: 6 j: 47
47 53 59 65 71 

n: 6 j: 48
48 54 60 66 72 

n: 6 j: 49
49 55 61 67 73 

n: 6 j: 50
50 56 62 68 74 

n: 6 j: 51
51 57 63 69 75 

n: 6 j: 52
52 58 64 70 76 

n: 6 j: 53
53 59 65 71 77 

n: 6 j: 54
54 60 66 72 78 

n: 6 j: 55
55 61 67 73 79 

n: 6 j: 56
56 62 68 74 80 

n: 6 j: 57
57 63 69 75 81 

n: 6 j: 58
58 64 70 76 82 

n: 6 j: 59
59 65 71 77 83 

n: 6 j: 60
60 66 72 78 84 

n: 6 j: 61
61 67 73 79 85 

n: 6 j: 62
62 68 74 80 86 

n: 6 j: 63
63 69 75 81 87 

n: 6 j: 64
64 70 76 82 88 

n: 6 j: 65
65 71 77 83 89 

n: 6 j: 66
66 72 78 84 90 

n: 6 j: 67
67 73 79 85 91 

n: 6 j: 68
68 74 80 86 92 

n: 6 j: 69
69 75 81 87 93 

n: 6 j: 70
70 76 82 88 94 

n: 6 j: 71
71 77 83 89 95 

n: 6 j: 72
72 78 84 90 96 

n: 6 j: 73
73 79 85 91 97 

n: 6 j: 74
74 80 86 92 98 

n: 7 j: 0
0 7 14 21 28 

n: 7 j: 1
1 8 15 22 29 

n: 7 j: 2
2 9 16 23 30 

n: 7 j: 3
3 10 17 24 31 

n: 7 j: 4
4 11 18 25 32 

n: 7 j: 5
5 12 19 26 33 

n: 7 j: 6
6 13 20 27 34 

n: 7 j: 7
7 14 21 28 35 

n: 7 j: 8
8 15 22 29 36 

n: 7 j: 9
9 16 23 30 37 

n: 7 j: 10
10 17 24 31 38 

n: 7 j: 11
11 18 25 32 39 

n: 7 j: 12
12 19 26 33 40 

n: 7 j: 13
13 20 27 34 41 

n: 7 j: 14
14 21 28 35 42 

n: 7 j: 15
15 22 29 36 43 

n: 7 j: 16
16 23 30 37 44 

n: 7 j: 17
17 24 31 38 45 

n: 7 j: 18
18 25 32 39 46 

n: 7 j: 19
19 26 33 40 47 

n: 7 j: 20
20 27 34 41 48 

n: 7 j: 21
21 28 35 42 49 

n: 7 j: 22
22 29 36 43 50 

n: 7 j: 23
23 30 37 44 51 

n: 7 j: 24
24 31 38 45 52 

n: 7 j: 25
25 32 39 46 53 

n: 7 j: 26
26 33 40 47 54 

n: 7 j: 27
27 34 41 48 55 

n: 7 j: 28
28 35 42 49 56 

n: 7 j: 29
29 36 43 50 57 

n: 7 j: 30
30 37 44 51 58 

n: 7 j: 31
31 38 45 52 59 

n: 7 j: 32
32 39 46 53 60 

n: 7 j: 33
33 40 47 54 61 

n: 7 j: 34
34 41 48 55 62 

n: 7 j: 35
35 42 49 56 63 

n: 7 j: 36
36 43 50 57 64 

n: 7 j: 37
37 44 51 58 65 

n: 7 j: 38
38 45 52 59 66 

n: 7 j: 39
39 46 53 60 67 

n: 7 j: 40
40 47 54 61 68 

n: 7 j: 41
41 48 55 62 69 

n: 7 j: 42
42 49 56 63 70 

n: 7 j: 43
43 50 57 64 71 

n: 7 j: 44
44 51 58 65 72 

n: 7 j: 45
45 52 59 66 73 

n: 7 j: 46
46 53 60 67 74 

n: 7 j: 47
47 54 61 68 75 

n: 7 j: 48
48 55 62 69 76 

n: 7 j: 49
49 56 63 70 77 

n: 7 j: 50
50 57 64 71 78 

n: 7 j: 51
51 58 65 72 79 

n: 7 j: 52
52 59 66 73 80 

n: 7 j: 53
53 60 67 74 81 

n: 7 j: 54
54 61 68 75 82 

n: 7 j: 55
55 62 69 76 83 

n: 7 j: 56
56 63 70 77 84 

n: 7 j: 57
57 64 71 78 85 

n: 7 j: 58
58 65 72 79 86 

n: 7 j: 59
59 66 73 80 87 

n: 7 j: 60
60 67 74 81 88 

n: 7 j: 61
61 68 75 82 89 

n: 7 j: 62
62 69 76 83 90 

n: 7 j: 63
63 70 77 84 91 

n: 7 j: 64
64 71 78 85 92 

n: 7 j: 65
65 72 79 86 93 

n: 7 j: 66
66 73 80 87 94 

n: 7 j: 67
67 74 81 88 95 

n: 7 j: 68
68 75 82 89 96 

n: 7 j: 69
69 76 83 90 97 

n: 7 j: 70
70 77 84 91 98 

n: 8 j: 0
0 8 16 24 32 

n: 8 j: 1
1 9 17 25 33 

n: 8 j: 2
2 10 18 26 34 

n: 8 j: 3
3 11 19 27 35 

n: 8 j: 4
4 12 20 28 36 

n: 8 j: 5
5 13 21 29 37 

n: 8 j: 6
6 14 22 30 38 

n: 8 j: 7
7 15 23 31 39 

n: 8 j: 8
8 16 24 32 40 

n: 8 j: 9
9 17 25 33 41 

n: 8 j: 10
10 18 26 34 42 

n: 8 j: 11
11 19 27 35 43 

n: 8 j: 12
12 20 28 36 44 

n: 8 j: 13
13 21 29 37 45 

n: 8 j: 14
14 22 30 38 46 

n: 8 j: 15
15 23 31 39 47 

n: 8 j: 16
16 24 32 40 48 

n: 8 j: 17
17 25 33 41 49 

n: 8 j: 18
18 26 34 42 50 

n: 8 j: 19
19 27 35 43 51 

n: 8 j: 20
20 28 36 44 52 

n: 8 j: 21
21 29 37 45 53 

n: 8 j: 22
22 30 38 46 54 

n: 8 j: 23
23 31 39 47 55 

n: 8 j: 24
24 32 40 48 56 

n: 8 j: 25
25 33 41 49 57 

n: 8 j: 26
26 34 42 50 58 

n: 8 j: 27
27 35 43 51 59 

n: 8 j: 28
28 36 44 52 60 

n: 8 j: 29
29 37 45 53 61 

n: 8 j: 30
30 38 46 54 62 

n: 8 j: 31
31 39 47 55 63 

n: 8 j: 32
32 40 48 56 64 

n: 8 j: 33
33 41 49 57 65 

n: 8 j: 34
34 42 50 58 66 

n: 8 j: 35
35 43 51 59 67 

n: 8 j: 36
36 44 52 60 68 

n: 8 j: 37
37 45 53 61 69 

n: 8 j: 38
38 46 54 62 70 

n: 8 j: 39
39 47 55 63 71 

n: 8 j: 40
40 48 56 64 72 

n: 8 j: 41
41 49 57 65 73 

n: 8 j: 42
42 50 58 66 74 

n: 8 j: 43
43 51 59 67 75 

n: 8 j: 44
44 52 60 68 76 

n: 8 j: 45
45 53 61 69 77 

n: 8 j: 46
46 54 62 70 78 

n: 8 j: 47
47 55 63 71 79 

n: 8 j: 48
48 56 64 72 80 

n: 8 j: 49
49 57 65 73 81 

n: 8 j: 50
50 58 66 74 82 

n: 8 j: 51
51 59 67 75 83 

n: 8 j: 52
52 60 68 76 84 

n: 8 j: 53
53 61 69 77 85 

n: 8 j: 54
54 62 70 78 86 

n: 8 j: 55
55 63 71 79 87 

n: 8 j: 56
56 64 72 80 88 

n: 8 j: 57
57 65 73 81 89 

n: 8 j: 58
58 66 74 82 90 

n: 8 j: 59
59 67 75 83 91 

n: 8 j: 60
60 68 76 84 92 

n: 8 j: 61
61 69 77 85 93 

n: 8 j: 62
62 70 78 86 94 

n: 8 j: 63
63 71 79 87 95 

n: 8 j: 64
64 72 80 88 96 

n: 8 j: 65
65 73 81 89 97 

n: 8 j: 66
66 74 82 90 98 

n: 9 j: 0
0 9 18 27 36 

n: 9 j: 1
1 10 19 28 37 

n: 9 j: 2
2 11 20 29 38 

n: 9 j: 3
3 12 21 30 39 

n: 9 j: 4
4 13 22 31 40 

n: 9 j: 5
5 14 23 32 41 

n: 9 j: 6
6 15 24 33 42 

n: 9 j: 7
7 16 25 34 43 

n: 9 j: 8
8 17 26 35 44 

n: 9 j: 9
9 18 27 36 45 

n: 9 j: 10
10 19 28 37 46 

n: 9 j: 11
11 20 29 38 47 

n: 9 j: 12
12 21 30 39 48 

n: 9 j: 13
13 22 31 40 49 

n: 9 j: 14
14 23 32 41 50 

n: 9 j: 15
15 24 33 42 51 

n: 9 j: 16
16 25 34 43 52 

n: 9 j: 17
17 26 35 44 53 

n: 9 j: 18
18 27 36 45 54 

n: 9 j: 19
19 28 37 46 55 

n: 9 j: 20
20 29 38 47 56 

n: 9 j: 21
21 30 39 48 57 

n: 9 j: 22
22 31 40 49 58 

n: 9 j: 23
23 32 41 50 59 

n: 9 j: 24
24 33 42 51 60 

n: 9 j: 25
25 34 43 52 61 

n: 9 j: 26
26 35 44 53 62 

n: 9 j: 27
27 36 45 54 63 

n: 9 j: 28
28 37 46 55 64 

n: 9 j: 29
29 38 47 56 65 

n: 9 j: 30
30 39 48 57 66 

n: 9 j: 31
31 40 49 58 67 

n: 9 j: 32
32 41 50 59 68 

n: 9 j: 33
33 42 51 60 69 

n: 9 j: 34
34 43 52 61 70 

n: 9 j: 35
35 44 53 62 71 

n: 9 j: 36
36 45 54 63 72 

n: 9 j: 37
37 46 55 64 73 

n: 9 j: 38
38 47 56 65 74 

n: 9 j: 39
39 48 57 66 75 

n: 9 j: 40
40 49 58 67 76 

n: 9 j: 41
41 50 59 68 77 

n: 9 j: 42
42 51 60 69 78 

n: 9 j: 43
43 52 61 70 79 

n: 9 j: 44
44 53 62 71 80 

n: 9 j: 45
45 54 63 72 81 

n: 9 j: 46
46 55 64 73 82 

n: 9 j: 47
47 56 65 74 83 

n: 9 j: 48
48 57 66 75 84 

n: 9 j: 49
49 58 67 76 85 

n: 9 j: 50
50 59 68 77 86 

n: 9 j: 51
51 60 69 78 87 

n: 9 j: 52
52 61 70 79 88 

n: 9 j: 53
53 62 71 80 89 

n: 9 j: 54
54 63 72 81 90 

n: 9 j: 55
55 64 73 82 91 

n: 9 j: 56
56 65 74 83 92 

n: 9 j: 57
57 66 75 84 93 

n: 9 j: 58
58 67 76 85 94 

n: 9 j: 59
59 68 77 86 95 

n: 9 j: 60
60 69 78 87 96 

n: 9 j: 61
61 70 79 88 97 

n: 9 j: 62
62 71 80 89 98 

n: 10 j: 0
0 10 20 30 40 

n: 10 j: 1
1 11 21 31 41 

n: 10 j: 2
2 12 22 32 42 

n: 10 j: 3
3 13 23 33 43 

n: 10 j: 4
4 14 24 34 44 

n: 10 j: 5
5 15 25 35 45 

n: 10 j: 6
6 16 26 36 46 

n: 10 j: 7
7 17 27 37 47 

n: 10 j: 8
8 18 28 38 48 

n: 10 j: 9
9 19 29 39 49 

n: 10 j: 10
10 20 30 40 50 

n: 10 j: 11
11 21 31 41 51 

n: 10 j: 12
12 22 32 42 52 

n: 10 j: 13
13 23 33 43 53 

n: 10 j: 14
14 24 34 44 54 

n: 10 j: 15
15 25 35 45 55 

n: 10 j: 16
16 26 36 46 56 

n: 10 j: 17
17 27 37 47 57 

n: 10 j: 18
18 28 38 48 58 

n: 10 j: 19
19 29 39 49 59 

n: 10 j: 20
20 30 40 50 60 

n: 10 j: 21
21 31 41 51 61 

n: 10 j: 22
22 32 42 52 62 

n: 10 j: 23
23 33 43 53 63 

n: 10 j: 24
24 34 44 54 64 

n: 10 j: 25
25 35 45 55 65 

n: 10 j: 26
26 36 46 56 66 

n: 10 j: 27
27 37 47 57 67 

n: 10 j: 28
28 38 48 58 68 

n: 10 j: 29
29 39 49 59 69 

n: 10 j: 30
30 40 50 60 70 

n: 10 j: 31
31 41 51 61 71 

n: 10 j: 32
32 42 52 62 72 

n: 10 j: 33
33 43 53 63 73 

n: 10 j: 34
34 44 54 64 74 

n: 10 j: 35
35 45 55 65 75 

n: 10 j: 36
36 46 56 66 76 

n: 10 j: 37
37 47 57 67 77 

n: 10 j: 38
38 48 58 68 78 

n: 10 j: 39
39 49 59 69 79 

n: 10 j: 40
40 50 60 70 80 

n: 10 j: 41
41 51 61 71 81 

n: 10 j: 42
42 52 62 72 82 

n: 10 j: 43
43 53 63 73 83 

n: 10 j: 44
44 54 64 74 84 

n: 10 j: 45
45 55 65 75 85 

n: 10 j: 46
46 56 66 76 86 

n: 10 j: 47
47 57 67 77 87 

n: 10 j: 48
48 58 68 78 88 

n: 10 j: 49
49 59 69 79 89 

n: 10 j: 50
50 60 70 80 90 

n: 10 j: 51
51 61 71 81 91 

n: 10 j: 52
52 62 72 82 92 

n: 10 j: 53
53 63 73 83 93 

n: 10 j: 54
54 64 74 84 94 

n: 10 j: 55
55 65 75 85 95 

n: 10 j: 56
56 66 76 86 96 

n: 10 j: 57
57 67 77 87 97 

n: 10 j: 58
58 68 78 88 98 

n: 11 j: 0
0 11 22 33 44 

n: 11 j: 1
1 12 23 34 45 

n: 11 j: 2
2 13 24 35 46 

n: 11 j: 3
3 14 25 36 47 

n: 11 j: 4
4 15 26 37 48 

n: 11 j: 5
5 16 27 38 49 

n: 11 j: 6
6 17 28 39 50 

n: 11 j: 7
7 18 29 40 51 

n: 11 j: 8
8 19 30 41 52 

n: 11 j: 9
9 20 31 42 53 

n: 11 j: 10
10 21 32 43 54 

n: 11 j: 11
11 22 33 44 55 

n: 11 j: 12
12 23 34 45 56 

n: 11 j: 13
13 24 35 46 57 

n: 11 j: 14
14 25 36 47 58 

n: 11 j: 15
15 26 37 48 59 

n: 11 j: 16
16 27 38 49 60 

n: 11 j: 17
17 28 39 50 61 

n: 11 j: 18
18 29 40 51 62 

n: 11 j: 19
19 30 41 52 63 

n: 11 j: 20
20 31 42 53 64 

n: 11 j: 21
21 32 43 54 65 

n: 11 j: 22
22 33 44 55 66 

n: 11 j: 23
23 34 45 56 67 

n: 11 j: 24
24 35 46 57 68 

n: 11 j: 25
25 36 47 58 69 

n: 11 j: 26
26 37 48 59 70 

n: 11 j: 27
27 38 49 60 71 

n: 11 j: 28
28 39 50 61 72 

n: 11 j: 29
29 40 51 62 73 

n: 11 j: 30
30 41 52 63 74 

n: 11 j: 31
31 42 53 64 75 

n: 11 j: 32
32 43 54 65 76 

n: 11 j: 33
33 44 55 66 77 

n: 11 j: 34
34 45 56 67 78 

n: 11 j: 35
35 46 57 68 79 

n: 11 j: 36
36 47 58 69 80 

n: 11 j: 37
37 48 59 70 81 

n: 11 j: 38
38 49 60 71 82 

n: 11 j: 39
39 50 61 72 83 

n: 11 j: 40
40 51 62 73 84 

n: 11 j: 41
41 52 63 74 85 

n: 11 j: 42
42 53 64 75 86 

n: 11 j: 43
43 54 65 76 87 

n: 11 j: 44
44 55 66 77 88 

n: 11 j: 45
45 56 67 78 89 

n: 11 j: 46
46 57 68 79 90 

n: 11 j: 47
47 58 69 80 91 

n: 11 j: 48
48 59 70 81 92 

n: 11 j: 49
49 60 71 82 93 

n: 11 j: 50
50 61 72 83 94 

n: 11 j: 51
51 62 73 84 95 

n: 11 j: 52
52 63 74 85 96 

n: 11 j: 53
53 64 75 86 97 

n: 11 j: 54
54 65 76 87 98 

n: 12 j: 0
0 12 24 36 48 

n: 12 j: 1
1 13 25 37 49 

n: 12 j: 2
2 14 26 38 50 

n: 12 j: 3
3 15 27 39 51 

n: 12 j: 4
4 16 28 40 52 

n: 12 j: 5
5 17 29 41 53 

n: 12 j: 6
6 18 30 42 54 

n: 12 j: 7
7 19 31 43 55 

n: 12 j: 8
8 20 32 44 56 

n: 12 j: 9
9 21 33 45 57 

n: 12 j: 10
10 22 34 46 58 

n: 12 j: 11
11 23 35 47 59 

n: 12 j: 12
12 24 36 48 60 

n: 12 j: 13
13 25 37 49 61 

n: 12 j: 14
14 26 38 50 62 

n: 12 j: 15
15 27 39 51 63 

n: 12 j: 16
16 28 40 52 64 

n: 12 j: 17
17 29 41 53 65 

n: 12 j: 18
18 30 42 54 66 

n: 12 j: 19
19 31 43 55 67 

n: 12 j: 20
20 32 44 56 68 

n: 12 j: 21
21 33 45 57 69 

n: 12 j: 22
22 34 46 58 70 

n: 12 j: 23
23 35 47 59 71 

n: 12 j: 24
24 36 48 60 72 

n: 12 j: 25
25 37 49 61 73 

n: 12 j: 26
26 38 50 62 74 

n: 12 j: 27
27 39 51 63 75 

n: 12 j: 28
28 40 52 64 76 

n: 12 j: 29
29 41 53 65 77 

n: 12 j: 30
30 42 54 66 78 

n: 12 j: 31
31 43 55 67 79 

n: 12 j: 32
32 44 56 68 80 

n: 12 j: 33
33 45 57 69 81 

n: 12 j: 34
34 46 58 70 82 

n: 12 j: 35
35 47 59 71 83 

n: 12 j: 36
36 48 60 72 84 

n: 12 j: 37
37 49 61 73 85 

n: 12 j: 38
38 50 62 74 86 

n: 12 j: 39
39 51 63 75 87 

n: 12 j: 40
40 52 64 76 88 

n: 12 j: 41
41 53 65 77 89 

n: 12 j: 42
42 54 66 78 90 

n: 12 j: 43
43 55 67 79 91 

n: 12 j: 44
44 56 68 80 92 

n: 12 j: 45
45 57 69 81 93 

n: 12 j: 46
46 58 70 82 94 

n: 12 j: 47
47 59 71 83 95 

n: 12 j: 48
48 60 72 84 96 

n: 12 j: 49
49 61 73 85 97 

n: 12 j: 50
50 62 74 86 98 

n: 13 j: 0
0 13 26 39 52 

n: 13 j: 1
1 14 27 40 53 

n: 13 j: 2
2 15 28 41 54 

n: 13 j: 3
3 16 29 42 55 

n: 13 j: 4
4 17 30 43 56 

n: 13 j: 5
5 18 31 44 57 

n: 13 j: 6
6 19 32 45 58 

n: 13 j: 7
7 20 33 46 59 

n: 13 j: 8
8 21 34 47 60 

n: 13 j: 9
9 22 35 48 61 

n: 13 j: 10
10 23 36 49 62 

n: 13 j: 11
11 24 37 50 63 

n: 13 j: 12
12 25 38 51 64 

n: 13 j: 13
13 26 39 52 65 

n: 13 j: 14
14 27 40 53 66 

n: 13 j: 15
15 28 41 54 67 

n: 13 j: 16
16 29 42 55 68 

n: 13 j: 17
17 30 43 56 69 

n: 13 j: 18
18 31 44 57 70 

n: 13 j: 19
19 32 45 58 71 

n: 13 j: 20
20 33 46 59 72 

n: 13 j: 21
21 34 47 60 73 

n: 13 j: 22
22 35 48 61 74 

n: 13 j: 23
23 36 49 62 75 

n: 13 j: 24
24 37 50 63 76 

n: 13 j: 25
25 38 51 64 77 

n: 13 j: 26
26 39 52 65 78 

n: 13 j: 27
27 40 53 66 79 

n: 13 j: 28
28 41 54 67 80 

n: 13 j: 29
29 42 55 68 81 

n: 13 j: 30
30 43 56 69 82 

n: 13 j: 31
31 44 57 70 83 

n: 13 j: 32
32 45 58 71 84 

n: 13 j: 33
33 46 59 72 85 

n: 13 j: 34
34 47 60 73 86 

n: 13 j: 35
35 48 61 74 87 

n: 13 j: 36
36 49 62 75 88 

n: 13 j: 37
37 50 63 76 89 

n: 13 j: 38
38 51 64 77 90 

n: 13 j: 39
39 52 65 78 91 

n: 13 j: 40
40 53 66 79 92 

n: 13 j: 41
41 54 67 80 93 

n: 13 j: 42
42 55 68 81 94 

n: 13 j: 43
43 56 69 82 95 

n: 13 j: 44
44 57 70 83 96 

n: 13 j: 45
45 58 71 84 97 

n: 13 j: 46
46 59 72 85 98 

n: 14 j: 0
0 14 28 42 56 

n: 14 j: 1
1 15 29 43 57 

n: 14 j: 2
2 16 30 44 58 

n: 14 j: 3
3 17 31 45 59 

n: 14 j: 4
4 18 32 46 60 

n: 14 j: 5
5 19 33 47 61 

n: 14 j: 6
6 20 34 48 62 

n: 14 j: 7
7 21 35 49 63 

n: 14 j: 8
8 22 36 50 64 

n: 14 j: 9
9 23 37 51 65 

n: 14 j: 10
10 24 38 52 66 

n: 14 j: 11
11 25 39 53 67 

n: 14 j: 12
12 26 40 54 68 

n: 14 j: 13
13 27 41 55 69 

n: 14 j: 14
14 28 42 56 70 

n: 14 j: 15
15 29 43 57 71 

n: 14 j: 16
16 30 44 58 72 

n: 14 j: 17
17 31 45 59 73 

n: 14 j: 18
18 32 46 60 74 

n: 14 j: 19
19 33 47 61 75 

n: 14 j: 20
20 34 48 62 76 

n: 14 j: 21
21 35 49 63 77 

n: 14 j: 22
22 36 50 64 78 

n: 14 j: 23
23 37 51 65 79 

n: 14 j: 24
24 38 52 66 80 

n: 14 j: 25
25 39 53 67 81 

n: 14 j: 26
26 40 54 68 82 

n: 14 j: 27
27 41 55 69 83 

n: 14 j: 28
28 42 56 70 84 

n: 14 j: 29
29 43 57 71 85 

n: 14 j: 30
30 44 58 72 86 

n: 14 j: 31
31 45 59 73 87 

n: 14 j: 32
32 46 60 74 88 

n: 14 j: 33
33 47 61 75 89 

n: 14 j: 34
34 48 62 76 90 

n: 14 j: 35
35 49 63 77 91 

n: 14 j: 36
36 50 64 78 92 

n: 14 j: 37
37 51 65 79 93 

n: 14 j: 38
38 52 66 80 94 

n: 14 j: 39
39 53 67 81 95 

n: 14 j: 40
40 54 68 82 96 

n: 14 j: 41
41 55 69 83 97 

n: 14 j: 42
42 56 70 84 98 

n: 15 j: 0
0 15 30 45 60 

n: 15 j: 1
1 16 31 46 61 

n: 15 j: 2
2 17 32 47 62 

n: 15 j: 3
3 18 33 48 63 

n: 15 j: 4
4 19 34 49 64 

n: 15 j: 5
5 20 35 50 65 

n: 15 j: 6
6 21 36 51 66 

n: 15 j: 7
7 22 37 52 67 

n: 15 j: 8
8 23 38 53 68 

n: 15 j: 9
9 24 39 54 69 

n: 15 j: 10
10 25 40 55 70 

n: 15 j: 11
11 26 41 56 71 

n: 15 j: 12
12 27 42 57 72 

n: 15 j: 13
13 28 43 58 73 

n: 15 j: 14
14 29 44 59 74 

n: 15 j: 15
15 30 45 60 75 

n: 15 j: 16
16 31 46 61 76 

n: 15 j: 17
17 32 47 62 77 

n: 15 j: 18
18 33 48 63 78 

n: 15 j: 19
19 34 49 64 79 

n: 15 j: 20
20 35 50 65 80 

n: 15 j: 21
21 36 51 66 81 

n: 15 j: 22
22 37 52 67 82 

n: 15 j: 23
23 38 53 68 83 

n: 15 j: 24
24 39 54 69 84 

n: 15 j: 25
25 40 55 70 85 

n: 15 j: 26
26 41 56 71 86 

n: 15 j: 27
27 42 57 72 87 

n: 15 j: 28
28 43 58 73 88 

n: 15 j: 29
29 44 59 74 89 

n: 15 j: 30
30 45 60 75 90 

n: 15 j: 31
31 46 61 76 91 

n: 15 j: 32
32 47 62 77 92 

n: 15 j: 33
33 48 63 78 93 

n: 15 j: 34
34 49 64 79 94 

n: 15 j: 35
35 50 65 80 95 

n: 15 j: 36
36 51 66 81 96 

n: 15 j: 37
37 52 67 82 97 

n: 15 j: 38
38 53 68 83 98 

n: 16 j: 0
0 16 32 48 64 

n: 16 j: 1
1 17 33 49 65 

n: 16 j: 2
2 18 34 50 66 

n: 16 j: 3
3 19 35 51 67 

n: 16 j: 4
4 20 36 52 68 

n: 16 j: 5
5 21 37 53 69 

n: 16 j: 6
6 22 38 54 70 

n: 16 j: 7
7 23 39 55 71 

n: 16 j: 8
8 24 40 56 72 

n: 16 j: 9
9 25 41 57 73 

n: 16 j: 10
10 26 42 58 74 

n: 16 j: 11
11 27 43 59 75 

n: 16 j: 12
12 28 44 60 76 

n: 16 j: 13
13 29 45 61 77 

n: 16 j: 14
14 30 46 62 78 

n: 16 j: 15
15 31 47 63 79 

n: 16 j: 16
16 32 48 64 80 

n: 16 j: 17
17 33 49 65 81 

n: 16 j: 18
18 34 50 66 82 

n: 16 j: 19
19 35 51 67 83 

n: 16 j: 20
20 36 52 68 84 

n: 16 j: 21
21 37 53 69 85 

n: 16 j: 22
22 38 54 70 86 

n: 16 j: 23
23 39 55 71 87 

n: 16 j: 24
24 40 56 72 88 

n: 16 j: 25
25 41 57 73 89 

n: 16 j: 26
26 42 58 74 90 

n: 16 j: 27
27 43 59 75 91 

n: 16 j: 28
28 44 60 76 92 

n: 16 j: 29
29 45 61 77 93 

n: 16 j: 30
30 46 62 78 94 

n: 16 j: 31
31 47 63 79 95 

n: 16 j: 32
32 48 64 80 96 

n: 16 j: 33
33 49 65 81 97 

n: 16 j: 34
34 50 66 82 98 

n: 17 j: 0
0 17 34 51 68 

n: 17 j: 1
1 18 35 52 69 

n: 17 j: 2
2 19 36 53 70 

n: 17 j: 3
3 20 37 54 71 

n: 17 j: 4
4 21 38 55 72 

n: 17 j: 5
5 22 39 56 73 

n: 17 j: 6
6 23 40 57 74 

n: 17 j: 7
7 24 41 58 75 

n: 17 j: 8
8 25 42 59 76 

n: 17 j: 9
9 26 43 60 77 

n: 17 j: 10
10 27 44 61 78 

n: 17 j: 11
11 28 45 62 79 

n: 17 j: 12
12 29 46 63 80 

n: 17 j: 13
13 30 47 64 81 

n: 17 j: 14
14 31 48 65 82 

n: 17 j: 15
15 32 49 66 83 

n: 17 j: 16
16 33 50 67 84 

n: 17 j: 17
17 34 51 68 85 

n: 17 j: 18
18 35 52 69 86 

n: 17 j: 19
19 36 53 70 87 

n: 17 j: 20
20 37 54 71 88 

n: 17 j: 21
21 38 55 72 89 

n: 17 j: 22
22 39 56 73 90 

n: 17 j: 23
23 40 57 74 91 

n: 17 j: 24
24 41 58 75 92 

n: 17 j: 25
25 42 59 76 93 

n: 17 j: 26
26 43 60 77 94 

n: 17 j: 27
27 44 61 78 95 

n: 17 j: 28
28 45 62 79 96 

n: 17 j: 29
29 46 63 80 97 

n: 17 j: 30
30 47 64 81 98 

n: 18 j: 0
0 18 36 54 72 

n: 18 j: 1
1 19 37 55 73 

n: 18 j: 2
2 20 38 56 74 

n: 18 j: 3
3 21 39 57 75 

n: 18 j: 4
4 22 40 58 76 

n: 18 j: 5
5 23 41 59 77 

n: 18 j: 6
6 24 42 60 78 

n: 18 j: 7
7 25 43 61 79 

n: 18 j: 8
8 26 44 62 80 

n: 18 j: 9
9 27 45 63 81 

n: 18 j: 10
10 28 46 64 82 

n: 18 j: 11
11 29 47 65 83 

n: 18 j: 12
12 30 48 66 84 

n: 18 j: 13
13 31 49 67 85 

n: 18 j: 14
14 32 50 68 86 

n: 18 j: 15
15 33 51 69 87 

n: 18 j: 16
16 34 52 70 88 

n: 18 j: 17
17 35 53 71 89 

n: 18 j: 18
18 36 54 72 90 

n: 18 j: 19
19 37 55 73 91 

n: 18 j: 20
20 38 56 74 92 

n: 18 j: 21
21 39 57 75 93 

n: 18 j: 22
22 40 58 76 94 

n: 18 j: 23
23 41 59 77 95 

n: 18 j: 24
24 42 60 78 96 

n: 18 j: 25
25 43 61 79 97 

n: 18 j: 26
26 44 62 80 98 

n: 19 j: 0
0 19 38 57 76 

n: 19 j: 1
1 20 39 58 77 

n: 19 j: 2
2 21 40 59 78 

n: 19 j: 3
3 22 41 60 79 

n: 19 j: 4
4 23 42 61 80 

n: 19 j: 5
5 24 43 62 81 

n: 19 j: 6
6 25 44 63 82 

n: 19 j: 7
7 26 45 64 83 

n: 19 j: 8
8 27 46 65 84 

n: 19 j: 9
9 28 47 66 85 

n: 19 j: 10
10 29 48 67 86 

n: 19 j: 11
11 30 49 68 87 

n: 19 j: 12
12 31 50 69 88 

n: 19 j: 13
13 32 51 70 89 

n: 19 j: 14
14 33 52 71 90 

n: 19 j: 15
15 34 53 72 91 

n: 19 j: 16
16 35 54 73 92 

n: 19 j: 17
17 36 55 74 93 

n: 19 j: 18
18 37 56 75 94 

n: 19 j: 19
19 38 57 76 95 

n: 19 j: 20
20 39 58 77 96 

n: 19 j: 21
21 40 59 78 97 

n: 19 j: 22
22 41 60 79 98 

n: 20 j: 0
0 20 40 60 80 

n: 20 j: 1
1 21 41 61 81 

n: 20 j: 2
2 22 42 62 82 

n: 20 j: 3
3 23 43 63 83 

n: 20 j: 4
4 24 44 64 84 

n: 20 j: 5
5 25 45 65 85 

n: 20 j: 6
6 26 46 66 86 

n: 20 j: 7
7 27 47 67 87 

n: 20 j: 8
8 28 48 68 88 

n: 20 j: 9
9 29 49 69 89 

n: 20 j: 10
10 30 50 70 90 

n: 20 j: 11
11 31 51 71 91 

n: 20 j: 12
12 32 52 72 92 

n: 20 j: 13
13 33 53 73 93 

n: 20 j: 14
14 34 54 74 94 

n: 20 j: 15
15 35 55 75 95 

n: 20 j: 16
16 36 56 76 96 

n: 20 j: 17
17 37 57 77 97 

n: 20 j: 18
18 38 58 78 98 

n: 21 j: 0
0 21 42 63 84 

n: 21 j: 1
1 22 43 64 85 

n: 21 j: 2
2 23 44 65 86 

n: 21 j: 3
3 24 45 66 87 

n: 21 j: 4
4 25 46 67 88 

n: 21 j: 5
5 26 47 68 89 

n: 21 j: 6
6 27 48 69 90 

n: 21 j: 7
7 28 49 70 91 

n: 21 j: 8
8 29 50 71 92 

n: 21 j: 9
9 30 51 72 93 

n: 21 j: 10
10 31 52 73 94 

n: 21 j: 11
11 32 53 74 95 

n: 21 j: 12
12 33 54 75 96 

n: 21 j: 13
13 34 55 76 97 

n: 21 j: 14
14 35 56 77 98 

n: 22 j: 0
0 22 44 66 88 

n: 22 j: 1
1 23 45 67 89 

n: 22 j: 2
2 24 46 68 90 

n: 22 j: 3
3 25 47 69 91 

n: 22 j: 4
4 26 48 70 92 

n: 22 j: 5
5 27 49 71 93 

n: 22 j: 6
6 28 50 72 94 

n: 22 j: 7
7 29 51 73 95 

n: 22 j: 8
8 30 52 74 96 

n: 22 j: 9
9 31 53 75 97 

n: 22 j: 10
10 32 54 76 98 

n: 23 j: 0
0 23 46 69 92 

n: 23 j: 1
1 24 47 70 93 

n: 23 j: 2
2 25 48 71 94 

n: 23 j: 3
3 26 49 72 95 

n: 23 j: 4
4 27 50 73 96 

n: 23 j: 5
5 28 51 74 97 

n: 23 j: 6
6 29 52 75 98 

n: 24 j: 0
0 24 48 72 96 

n: 24 j: 1
1 25 49 73 97 

n: 24 j: 2
2 26 50 74 98 

